10000.0
10000.0
10000.0
10000.0
10000.0
10000.0
10000.0
10000.0
10000.0
10000.0
10000.0
10000.0
9949.623767054743
9996.9923067723
9931.819691297618
10021.324073702563
10059.249488431871
9968.99680264256
9972.378972321156
9790.698304471945
9904.335821392127
9940.311892360565
9924.843068778691
9963.06248260457
9981.503415629084
10030.118574833721
10051.67903029746
10057.151705710115
10074.96195256521
10092.504229052576
10015.374920221448
9959.611971491457
9910.557443183514
9865.434050381637
9769.041003772103
9762.71639726127
9796.792880212966
9600.813993765707
9591.464913345917
9764.560529035662
9697.843604677973
9546.974267061074
9449.856311294778
9532.74130595293
9381.402387798236
9567.826809425787
9593.100870188977
9673.442050028147
9644.844433514927
9693.089771132114
9713.670749692672
9711.924808251117
9544.646090322929
9554.736885870068
9655.361218575803
9619.874807570683
9575.484259024974
9559.959354016399
9667.23766970878
9626.120686751392
9573.562212791107
9651.196866474029
9769.238199429916
9901.930754037048
9899.325281090232
9917.067269426892
10010.63427537983
10078.461882969017
10037.392208777028
10136.24543960051
10068.64145170133
10204.674699982528
10234.137190823369
10213.275911071136
10164.154610297848
10338.023215880043
10233.699325152635
10328.95358876228
10327.721920629538
10304.785247492895
10270.532197046057
10251.857463270091
10201.479272602197
10247.37951935429
10112.604417892588
10117.252523863015
10203.493208954644
10277.871547283696
10150.73123755878
10102.263915128511
9916.980409162365
10010.381056706723
10148.731929867154
10100.54721729075
10059.907715169375
10044.868837848739
10161.660732344992
10125.779357252899
10219.371585722121
10254.535625922774
10241.442251031665
10204.322552118521
10219.308890117698
10192.560223066443
10194.626061353996
10121.80834889687
10248.360871287941
10270.94789493441
10278.709444848457
10297.744161930592
10336.632581817126
10352.229802511854
10403.278494783834
10377.836874137749
10338.929021910184
10363.830155818048
10288.969486862525
10387.075480724852
10439.267889847082
10426.250073008367
10452.200564749295
10447.459076501731
10496.474717103269
10531.937434954934
10534.755252965046
10567.760474711713
10677.081931771958
10719.050380935703
10795.368201995332
10735.0353180652
10787.183195353853
10797.227352941118
10809.604217555276
10884.134960734698
10857.918396308207
10792.927883597651
10676.094012405849
10784.131572229237
10789.330916234916
10888.685394250733
10947.581494699902
10934.013755340593
10906.669092338574
10892.059953155787
10937.657956170317
10925.986743435815
10932.45631441206
10998.223268368962
10968.11340218292
11034.385329675055
10992.498924138967
10963.021275701078
10895.192029734697
10929.107231527367
10988.192466482848
11053.862384360416
11112.973749563416
11092.849446370874
11024.520482169755
11078.791770933321
11140.778121501875
11202.112380828556
11188.03488899948
11154.508552396268
11113.509569783471
11170.406091248808
11279.006000505773
11240.060417493205
11274.415940759684
11307.310640463535
11325.118268895718
11320.573528474988
11299.462018312803
11259.496692801375
11096.880506848773
11141.259311292462
11161.866301948585
11217.28357389926
11165.231169759982
11064.146352514928
10931.863442505643
10959.104773299716
11051.496853580218
11090.93066828317
11067.775825996709
10971.543504036523
10755.18709019039
10764.007212742323
10736.078165531218
10842.09950235522
10681.540870304556
10775.323677962411
10836.745000449673
10884.007632786428
10828.645400672065
10785.742087541612
10781.285823030954
10848.243621802178
10983.401957867096
11005.618821843547
11046.101147431506
11105.216359802731
11136.233640719895
11152.75991609499
11165.990957560214
11180.657231604868
11224.642298911642
11302.63049987521
11405.080944708263
11427.767392730268
11393.34310087236
11455.02924897368
11483.591366109282
11528.482475166233
11572.971097871183
11574.613842401492
11576.456665523388
11460.272564441464
11442.230834907712
11526.631145682224
11501.948847831265
11558.144321771975
11597.508313690518
11655.900657375221
11636.514914516887
11538.71440295962
11487.622299847988
11518.323433303805
11317.290369064873
11436.891442415574
11377.515163852768
11333.792520075645
11385.653523595744
11303.512475943371
11385.653936988221
11631.61499990553
11668.774588884093
11626.01570854409
11776.148213865341
11662.66145239201
11499.476407391303
11645.318435648673
11521.383102894053
11483.407592837139
11391.032994252811
11577.58682209004
11745.901505621712
11781.751014481684
11913.038345251687
11884.797368415266
11884.416064755165
11852.356858588235
11815.062186568648
11835.449536981627
11765.080991783714
11531.851396577958
11430.456086430595
11387.04437740586
11385.125395186598
11481.34364584633
11501.62445148843
11314.739507488239
11314.793448048902
11119.275503552168
11081.25255322082
11027.483936707662
10829.586885950313
10825.913054660876
10701.91418333
10711.400156778722
10704.104640668951
10954.618884383879
11122.314163421466
11137.28576511445
11238.03132566124
11036.673040544361
11057.989843427806
11023.798342490072
11091.01589590012
11233.16777133122
11073.876322823771
10936.423010292621
10912.815926116236
11050.800989609288
11074.224795172773
10920.478159105873
10864.912873152136
10817.864397309997
10651.972366948974
10813.525281923121
10935.171321929476
10935.621516183595
10878.036057943187
10978.550988920257
10937.563194579898
10865.689098250477
10648.68329768328
10534.503586230403
10749.745442381412
10640.742999203898
10519.788822063836
10371.65595934111
10528.384571936807
10745.667760676797
10813.264125403037
10934.962713386973
10896.172344056951
10987.304239900208
10925.647916733777
11058.544917205329
11080.586220336403
11156.70605311889
11305.96086732977
11295.271314460964
11172.78032219492
11202.623371374051
11285.706700258517
11133.806892029032
10966.427795385083
11003.649588870516
10942.563312086813
10733.743249159425
10725.784196089742
10858.58740734153
10688.469917097931
10669.157742256062
10808.489067578934
10875.339332470436
10752.091700032512
10399.871800108498
10450.360802924833
10208.6710031299
10231.915854811261
10443.042486529019
10211.067354335753
10229.747324694354
10243.458697393704
10479.699755178108
10134.102384459116
10057.10109852483
9778.607664022451
9854.005095762575
9704.727601602799
9610.13902450447
9789.656522590782
9761.970167699194
9892.465197862883
9612.830544048853
9602.059159541093
9622.799177045634
9780.942021974975
9740.74945445771
9785.274989766336
9879.236136609135
10063.713693548993
9997.999583405586
9932.321725294812
10086.101321726519
9898.88930500963
9885.067371835095
9991.838485129
9917.315321419735
9702.581847785686
9496.629038393023
9190.355601075296
9164.601120827056
9323.971993696745
9152.760521771766
9176.489160949963
9301.304695340026
9332.783755587381
9425.289166135946
9598.841437828562
9558.283760317214
9403.19058008093
9452.324150933076
9378.702117646624
9463.806436797096
9475.531986521075
9479.559940635734
9575.40544248512
9572.292294641951
9489.590882808938
9410.826303310121
9406.85086922327
9418.749965970668
9524.591584517539
9442.350106506576
9615.388598486768
9667.715183653012
9784.765149191697
9688.06477078864
9698.09424292743
9600.595744934277
9860.708546081858
9975.856726509686
10094.205806361068
10079.731409976126
10038.132911703673
10209.544058692682
10237.171977024045
10177.994553227902
10174.45769593974
10148.492866815746
10305.210170065064
10256.545102403863
10386.180133296191
10390.636974447769
10368.15001617914
10325.718389958289
10312.57526197855
10184.379842852592
10005.780131300009
9988.022245577213
10007.724625017541
10118.021878733287
9837.380943593329
9769.598740179612
9687.938918525959
9624.32823598063
9594.621186451315
9527.006875347319
9459.849228157149
9595.467276473917
9594.143087398794
9744.575855555764
9858.509134011118
9508.308255253934
9530.085376129464
9407.169283499048
9348.771383613643
9388.567923244427
9346.875595210247
9250.84787347227
9203.288195534797
9087.825773234614
9026.398330557755
9000.730743417247
9121.638314984568
8962.296204139675
8849.900207121653
9054.146822651554
9269.567715615745
9248.169545761559
9171.770380310289
8930.747381955143
8855.437197827641
8796.29599876534
8794.542969624847
8951.966466487293
8774.242853228012
8957.125650809803
9018.855667006253
9037.738978888632
9009.852269813513
9172.320911499031
9241.877291596258
9431.70316082878
9317.574780548073
9227.985840734198
9440.552174355254
9369.968371742023
9335.474020122292
9121.335835662805
8980.99771690992
9120.393519039058
9181.578241692641
9236.625618533102
9094.290915084128
9614.17946584839
9741.421233333864
9646.52203571656
9721.754983027009
9698.952191215565
9691.16701455941
9697.09801906247
9640.278992040321
9736.421273838476
9806.508062516461
9779.954116340214
9648.50758699988
9588.360069172946
9882.752245618056
9950.456665283464
9938.624320608436
9817.462789963532
9718.02073670097
9721.917750767008
9791.745594852751
9746.084956330744
9842.611195446052
9961.058790727482
9922.782069406923
9660.987079944298
9573.246436953106
9480.778732237542
9505.12315854639
9605.385273255846
9479.817612900768
9480.283238813246
9449.16900005255
9343.169250021863
9501.50309309631
9471.21901024275
9442.057864224813
9459.658159086439
9360.759954013663
9527.666266409726
9532.909505720676
9583.808094875645
9640.586360394414
9691.329460922547
9739.269688706401
9760.33354042219
9688.954427275405
9654.1864415315
9770.400362006692
9837.567860714118
9869.806747745983
9808.384138367335
9905.658310457768
9911.919593120585
9794.87638589932
9890.58485003349
10003.183148237746
10167.94344912359
10079.345564857786
9990.899914055397
10128.27352137717
10057.458162686335
9981.947984927314
9978.355550304324
10084.896019263784
10065.985374791338
10070.82919940898
9955.959103471389
9921.772942205356
9764.01212109824
9752.432840864789
9801.401865665419
9671.257545465776
9718.20567504797
9692.346605179106
9641.363584793013
9689.647833718944
9863.787819583587
9891.448777547343
9774.405990422514
9796.54415941201
9731.103281122909
9684.165110579519
9769.294985827508
9885.009927076757
9888.269906903122
10048.55582198919
10056.606563027275
10079.338731761041
10142.094354800001
10094.069691089788
10172.969300961997
10249.968144572307
10173.61804497074
10155.430878084378
10253.010549333256
10330.043588826678
10429.734196970148
10455.028971867594
10473.09936435534
10443.401012141563
10494.432908983234
10441.344124814741
10420.107855921266
10419.493732516192
10585.182655533423
10524.250612707805
10537.456557688834
10565.614523624923
10695.219572461812
10668.366585030102
10651.338568181987
10647.54093469971
10545.40969969252
10639.836189099271
10787.725582528376
10861.113052178735
10828.86286629435
10819.819545601336
10826.541462477415
10796.033302051364
10942.400788593912
10915.695285620492
10875.618835568433
10939.1225223878
10922.342244477879
10898.663533878791
10918.557828087796
10886.0677146066
10929.647006197343
10990.37906309762
11009.893873710002
11011.293846356852
10863.317521161667
10821.220761694543
10906.291005212159
11027.756600695151
11041.740207609202
11014.940424564607
11125.065209497163
11169.337995603277
11176.414997872162
11169.992216373212
10995.504370979355
11098.06269001325
11116.041824056088
11200.268664456496
11222.834672623898
11292.690141971898
11446.922194486975
11388.260556030453
11324.886026149668
11263.378039189654
11327.743587011108
11274.625065853246
11210.886692969909
11317.308438074042
11352.385991177496
11366.988331943125
11511.090318874305
11450.265177910725
11402.827862240421
11364.59143363077
11344.295706427592
11337.757825738905
11358.67156731798
11500.871879205648
11577.814385111547
11609.092880427805
11653.376502232832
11771.379107106079
11748.612244583435
11639.385190651386
11559.281156415276
11515.522568375603
11602.442810634324
11539.865810864241
11414.555143850595
11538.195554375074
11529.940577623876
11475.94341369238
11289.660657669187
11235.879778859102
11141.564514761167
11134.496908956675
11078.793835652288
11030.54295847982
11029.42457781109
11004.915275754234
11041.683400003674
10973.336101944886
10890.81144436015
10777.205028505075
10765.432137285463
10824.80034006258
10845.952575929032
10985.985711018675
10829.76730929165
10942.749284223437
11008.05491294412
11173.035745637466
11258.620569849629
11223.063313461174
11228.273721262482
11211.905687246965
11115.189966553758
10986.004262949422
11025.661044079849
11098.694710208654
11008.713864381263
11009.977476238008
11072.51763397881
10957.830517096605
11002.934822835217
11011.914558916567
10878.621583633185
10752.515921762759
10770.426057290939
10790.787056571078
10653.587480576778
10623.63216556956
10665.587127510042
10647.710449384427
10681.950725441127
10539.32695935494
10615.045539854871
10635.433706969097
10764.061832344096
10831.807592970656
10852.323347363836
10852.620708263516
10750.448208673273
10769.575259868243
10810.330221454093
10791.673557576023
10739.18244333139
10714.562620600876
10608.454499412715
10649.890899893091
10706.551245381988
10656.833609324625
10489.337043777383
10515.87427936113
10601.952567098046
10631.710569358138
10780.652824471672
10933.629711198937
10985.957627762476
11013.424090213312
11071.444330328603
11091.71497043469
11028.521511122468
11165.087730616324
11158.770863862914
11331.461553236064
11331.760948926758
11456.777513490166
11446.599808669944
11554.23820874153
11527.19928569939
11584.970647105047
11587.541476385408
11589.82026100535
11622.961521914141
11598.689932277322
11599.056260213476
11660.455551367928
11545.666756134486
11602.478145722438
11581.713755228708
11638.354635478227
11657.023311247898
11627.170502246929
11695.507471444516
11849.972898353304
11826.374538154198
11807.168293107045
11830.124027547075
11909.737730873756
11771.862199527786
11862.673423822896
11876.193248260946
11899.692557937165
11924.151408884334
11925.01038834475
11902.247246941266
